# X Y Z
-2.484415 -1.657980 8.048812
-1.154663 -0.937809 4.195805
-1.993558 -2.151097 9.425267
-1.781429 -2.162401 9.636345
-0.448142 -1.080772 16.046904
1.027252 -2.605928 33.980788
1.508057 -6.166918 37.075212
-1.685054 0.057995 4.163146
-4.239345 -1.386814 10.494174
-10.404185 -4.837723 25.762917
-10.404185 -4.837723 25.762917
-2.625216 -0.295768 6.645401
-10.298487 -2.133485 25.978416
-9.133385 -4.844556 23.362024
-0.565404 -0.179424 1.474631
-9.718762 -3.422392 25.025071
-1.602022 -0.789786 4.135183
-2.131080 -0.627151 5.806418
-1.025733 -0.278397 2.917011
-7.372532 -2.973819 20.802535
-3.112939 -0.996474 8.887277
-3.112939 -0.996474 8.887277
-0.113086 0.027349 0.343335
-0.139592 0.052092 0.387621
-6.513131 -3.066224 19.048583
-6.823753 -4.170594 20.069251
-0.693571 -0.284680 2.087770
-2.563509 -1.211632 7.784126
-6.270811 -3.364302 19.186568
-6.110785 -2.214352 19.152752
-5.592342 -2.915565 18.066806
-5.937573 -1.077220 19.427991
-0.884163 -0.440323 3.005141
-2.149764 -0.851842 7.310296
-5.210145 -1.596214 18.149973
-4.709361 -2.339990 16.825009
-4.433498 -2.914183 15.897781
-4.210522 -2.678020 15.761969
-1.859059 -0.064147 7.232390
-2.749562 -1.839793 13.107611
0.000574 0.047992 0.466297
-0.064375 -0.000562 0.778110
-0.039214 -4.358509 22.236951
0.332757 -2.921844 58.990060
0.006028 -0.479048 3.280202
1.154829 -5.362004 71.116189
1.504597 -5.159165 77.078373
0.455007 -1.183881 21.618770
2.262222 -1.974790 22.966776
2.438351 -2.322551 24.314622
1.020089 -0.517403 8.484596
2.951853 -1.867759 23.075172
5.356825 -3.120543 31.847105
5.356608 -2.963203 31.257129
0.079088 0.015583 0.740127
60.006226 -41.000442 251.108184
42.514786 -15.299746 122.609590
0.038807 0.038104 0.350288
-17.255633 -2.123386 43.287145
-17.049256 -1.872353 43.678593
-9.360825 -5.030081 25.173525
-16.914721 -9.789136 45.356958
-16.914721 -9.789136 45.356958
-8.352452 -1.284139 22.551205
-15.684179 -3.221167 42.434948
-16.227160 -9.542223 44.558169
-14.214648 -4.530468 40.310821
-12.736446 -3.961854 37.663103
-5.111105 -2.379496 15.027787
-13.311460 -5.624914 39.457118
-13.311460 -5.624914 39.457118
-12.531872 -2.815090 37.602350
-88.354173 -26.574744 270.158233
-97.973452 -4.801115 304.898017
-12.492133 -7.999113 38.761657
-11.651802 -4.264496 36.594446
-90.521221 -47.209127 284.962480
-87.014319 -4.137592 287.784890
-3.845375 -0.681847 12.781877
-5.629816 -2.173548 18.810970
-89.637571 -66.037628 302.004578
-3.991233 -1.867137 13.289239
-83.705409 -16.134235 288.934748
-9.595709 -5.326386 33.007002
-82.652403 1.663576 286.020700
-79.625721 -1.325321 276.881727
-87.398605 -18.223601 305.889057
-87.926982 -6.592408 308.833644
-77.025620 -15.239022 270.846535
-87.280388 7.458203 309.905307
-83.606826 -51.660425 296.951020
-81.821433 3.280528 292.228799
-79.341382 -15.947206 284.202488
-74.600451 -4.478686 267.808358
-9.006156 -2.148934 32.528034
-83.428608 3.427667 302.673730
-77.808756 -44.432777 282.603500
-3.652009 -2.699360 13.038224
-2.598461 -0.929762 9.408893
-60.568622 6.820667 224.751388
-77.530141 -36.355918 292.612428
-77.530141 -36.355918 292.612428
-74.877909 -41.006208 282.928189
-4.526927 -1.033972 16.986692
-75.396472 -58.321811 285.029839
-75.396472 -58.321811 285.029839
-68.184595 0.406513 258.136649
-68.184595 0.406513 258.136649
-3.307615 -1.750258 12.340864
-81.822994 -25.821021 313.055958
-80.213486 -67.098230 306.929435
-73.126175 -58.360414 280.079505
-77.999885 0.549758 301.478809
-64.781995 7.588498 252.463688
-1.961612 -0.761280 7.549096
-78.087615 -40.079084 307.850477
-78.783443 -59.305692 310.699612
-55.901603 14.807836 222.266758
-70.195481 10.382741 281.603784
-74.060065 -34.966574 297.053721
-69.784799 8.833475 280.202492
-69.784799 8.833475 280.202492
-72.479138 -38.346948 291.551683
-69.614544 -20.314997 280.626062
-59.515405 23.609004 241.016059
-59.515405 23.609004 241.016059
-73.031676 -51.700651 297.254005
-65.405949 3.324803 267.025437
-65.879580 9.229214 270.373193
-66.565574 -36.771972 273.109547
-66.022888 -60.335109 271.057164
-66.022888 -60.335109 271.057164
-66.022888 -60.335109 271.057164
-66.324785 -58.010228 272.671191
-69.463345 -42.759756 285.982324
-59.423852 -20.452230 245.482778
-67.257819 -41.481089 278.207897
-66.548115 -16.971912 275.408577
-63.410627 9.853792 263.194713
-52.996777 18.569305 220.342532
-67.921454 -1.131993 282.495949
-56.969870 20.836216 237.074289
-66.136527 -59.527100 275.092122
-68.776803 -43.803047 286.416078
-62.664174 -4.655759 261.071170
-54.025851 21.915397 226.288010
-67.607274 -55.006130 283.591584
-53.033613 23.503352 222.551281
-67.278839 -63.218413 284.848974
-62.759209 -52.319448 265.996035
-64.401571 -57.823000 272.924270
-62.378085 -48.560402 264.934059
-64.843863 -42.432788 275.597220
-64.843863 -42.432788 275.597220
-64.023133 -36.241062 272.433009
-68.975322 -56.611935 294.015274
-62.417292 -33.757796 266.037251
-58.461157 -4.431995 249.817698
-58.461157 -4.431995 249.817698
-56.009028 21.794988 242.389304
-2.569608 -0.624889 10.997209
-60.223547 7.691858 261.805171
-45.049215 -21.638730 195.949705
-61.305404 -54.547693 266.868694
-61.305404 -54.547693 266.868694
-56.329445 -3.364180 245.361283
-56.582156 23.207077 247.031460
-42.904877 6.550096 187.924700
-59.529680 -8.126498 261.491148
-69.674237 -37.648350 309.965569
-51.612637 -32.501522 229.899643
-60.743129 -34.767537 270.514192
-61.857720 -47.960349 275.697911
-61.857720 -47.960349 275.697911
-63.507236 -21.129253 283.303763
-54.053100 -6.262526 241.602702
-36.840610 0.815316 164.772327
-52.203523 8.059227 234.518273
-2.516665 -1.669958 11.152184
-56.691644 26.209157 257.147872
-66.613904 -54.312145 302.204343
-6.590208 -6.631909 29.792075
-51.912362 6.268433 238.042709
-48.011117 2.863957 220.329455
-54.104786 -15.973724 248.508811
-67.192500 -14.167791 308.775381
-45.070397 -25.103666 207.239800
-45.070397 -25.103666 207.239800
-59.597764 -42.172935 274.230888
-58.550081 -41.464621 269.496175
-58.550081 -41.464621 269.496175
-41.974752 12.117063 193.318352
-55.751934 -34.239550 256.871405
-6.515609 -6.461101 29.870967
-50.331072 -41.327875 234.859193
-46.138082 -20.379005 215.784963
-52.566193 -54.343424 246.536734
-56.362194 -41.006274 264.633345
-57.012915 -4.871759 267.878286
-6.258068 -6.572695 29.216522
-44.106591 12.947414 208.091156
-6.320243 -6.564925 29.592556
-56.958187 -51.080096 270.171897
-56.958187 -51.080096 270.171897
-1.838304 -1.515922 8.522761
-56.971473 0.909090 272.908358
-47.284400 -13.924760 226.658087
-62.123534 -53.969384 298.734431
-56.474458 3.543453 273.212826
-43.821920 -14.936108 212.583280
-48.048109 -34.453701 234.408478
-59.187777 -4.208810 289.227867
-53.423009 -55.942741 261.440344
-61.241531 -21.184071 300.066638
-47.098098 7.414817 234.358704
-55.647519 6.995453 276.981966
-48.400993 -42.941436 241.210438
-53.924249 -51.486510 275.551573
-53.924249 -51.486510 275.551573
-55.655333 1.415126 285.069500
-44.864953 -20.624093 231.439060
-45.902048 -3.471747 236.986181
-51.445668 -42.063749 265.665855
-47.430360 -40.380849 245.438954
-52.017741 -56.079188 270.971136
-56.881746 -21.781213 296.206226
-55.205919 -28.150168 288.077427
-53.383384 -34.795582 278.469849
-43.976910 -9.130193 229.495703
-44.624955 -32.075295 232.956966
-50.063026 -22.705030 261.450137
-46.639571 -7.190332 244.997400
-46.639571 -7.190332 244.997400
-47.486301 -49.278209 252.823062
-46.155807 -20.256454 245.810925
-42.919308 0.082684 229.072753
-41.269269 1.006059 220.420554
-42.812903 -3.412774 228.758752
-42.812903 -3.412774 228.758752
-41.450665 -2.380580 221.522895
-55.081495 -48.990742 295.160704
-47.173152 -25.195126 254.142324
-40.140177 1.909360 216.546228
-45.737707 -11.872309 246.966990
-45.737707 -11.872309 246.966990
-45.737707 -11.872309 246.966990
-48.269662 -54.484690 261.014038
-52.373869 -5.341719 285.492363
-46.348742 -16.004514 253.102730
-46.348742 -16.004514 253.102730
-46.348742 -16.004514 253.102730
-44.212487 -6.346255 242.669338
-44.212487 -6.346255 242.669338
-44.857730 -7.893862 247.397318
-44.401163 -29.129828 245.595456
-52.813843 -37.990572 296.820482
-34.827829 -1.495432 195.947308
-44.986069 -41.460308 255.337942
-45.039651 -16.535487 256.667609
-45.039651 -16.535487 256.667609
-45.358273 -0.421935 258.752406
-43.509346 -45.475153 249.701882
-43.404444 -5.184743 249.213134
-38.013802 -20.896059 218.502061
-38.016625 -30.137900 218.835870
-42.142150 -42.240459 242.614640
-43.154346 -8.949952 248.858392
-43.154346 -8.949952 248.858392
-40.244322 -10.099007 233.126151
-39.153292 -9.811481 226.890817
-38.418178 -16.485092 223.113268
-35.414369 -22.025854 206.715126
-45.081943 -3.076038 263.223782
-41.955885 -4.219050 245.189463
-36.049340 -19.269830 214.932813
-39.533027 -12.951770 236.101951
-40.839008 -32.142694 246.268990
-40.839008 -32.142694 246.268990
-42.163131 -48.583107 255.443125
-40.004260 -9.414931 243.770815
-33.208997 -21.547799 203.004733
-39.393899 -52.539198 240.819846
-37.430453 -2.094618 233.080912
-50.376251 -52.864275 313.948265
-38.794064 -4.034828 242.086359
-38.794064 -4.034828 242.086359
-45.131435 -47.417633 281.702427
-39.124570 -42.996725 245.282058
-42.035245 -13.210234 265.145227
-37.106348 -51.037104 234.122300
-36.596518 -24.102029 231.368451
-35.974348 -49.541887 227.161819
-37.306848 -0.376415 235.748355
-36.017015 -1.346790 228.066736
-30.917287 -25.628859 196.292101
-37.566716 -38.610717 238.974481
-29.570300 -26.682287 189.496667
-38.172314 -43.733001 245.152384
-37.630970 -13.177697 243.937594
-31.647619 -0.941428 209.497560
-29.582383 -0.807702 196.001741
-35.233413 -21.522247 233.815260
-37.415583 -6.726586 249.149595
-37.059697 -55.765023 247.757697
-35.667432 -52.388686 238.502191
-35.586765 -3.564941 238.040969
-34.555163 -35.833060 234.498222
-33.133323 1.188860 227.734310
-37.679571 -36.250295 259.408324
-25.114223 -5.822913 173.344506
-34.659548 -0.548345 241.194534
-30.329130 0.272641 216.183702
-31.938607 -17.997292 230.179004
-30.787422 -4.832398 222.984945
-39.577763 -49.613811 287.714600
-35.643868 -41.754176 259.799333
-36.444396 -17.865518 267.154430
-32.172517 -3.149774 239.760113
-30.450129 -45.008649 228.612197
-23.554040 -8.012428 176.986228
-26.621328 -1.267340 201.949379
-4.234982 1.023613 32.225746
-26.525854 -45.262093 203.934511
-29.039643 -25.476126 227.589613
-37.425678 -44.192792 293.407816
-28.845623 -2.564433 227.390535
-28.845623 -2.564433 227.390535
-30.203169 -16.186879 239.673569
-25.729030 -27.765020 206.021264
-26.579391 -43.653647 213.093304
-25.630041 -32.786806 205.575256
-27.079697 -38.009318 217.248616
-32.211742 -20.448593 260.642874
-29.114441 -1.566078 237.945848
-23.924868 -17.816726 196.492868
-28.235008 -27.448853 232.791099
-23.559734 -21.876357 194.179889
-29.147055 -11.013749 240.396398
-18.901193 -2.037734 158.703526
-18.901193 -2.037734 158.703526
-24.738518 -29.185172 210.450338
-27.390738 -30.027331 234.183981
-20.659400 -26.074933 177.528973
-29.168599 -55.162157 253.663547
-23.953671 -30.774425 212.410416
-27.875165 -30.407264 248.586578
-26.037012 -5.137879 240.812239
-23.498045 -47.266470 218.082381
-30.827126 -55.224568 286.537918
-29.889192 -49.405141 278.161165
-28.497526 -43.106676 266.037838
-22.229215 -42.520888 207.485133
-18.931030 12.778620 182.431523
-21.300379 -41.694275 205.405203
-20.858798 -0.719002 202.673709
-20.735479 -28.749662 202.620299
-23.528741 -1.834629 232.186719
-18.872223 -10.493426 188.479966
-20.602638 -3.544100 206.593763
-21.824558 -40.058258 226.630882
-18.255760 1.065464 194.310300
-19.335630 2.683616 205.946147
-19.335630 2.683616 205.946147
-17.053250 1.370375 187.254562
-17.053250 1.370375 187.254562
-14.856758 -35.569907 163.016965
-14.856758 -35.569907 163.016965
-17.536705 -16.892742 192.801521
-18.069937 -23.000572 200.413000
-18.069937 -23.000572 200.413000
-20.121725 -3.669779 223.971889
-18.101293 -32.076650 204.992933
-18.200929 -17.428392 208.130375
-16.844933 -5.578771 201.295335
-16.844933 -5.578771 201.295335
-21.980159 0.894781 263.000657
-16.337774 -18.237299 196.655738
-18.341467 -3.263776 221.933677
-13.754575 -26.732792 167.879091
-15.234576 -3.880210 194.220677
-3.299602 -2.723621 42.301990
-15.609958 -2.865542 201.427799
-14.458761 -14.862375 193.349608
-14.734341 17.373152 198.526359
-15.897763 -26.530344 215.640227
-16.111770 -26.273602 219.655577
-14.607480 -2.307946 199.870647
-14.989623 -1.311704 205.290425
-14.737710 -3.387985 201.786454
-14.866591 -4.506681 203.738490
-14.838319 -28.671388 208.173628
-15.324087 -48.198236 221.299439
-14.099289 -15.289926 204.450560
-14.010807 -10.601032 206.160045
-16.521089 9.101603 250.239043
-10.534226 1.107760 160.476426
-15.174663 -46.982356 234.078802
-15.206764 -35.269897 237.221587
-12.664585 -15.664723 210.204135
-11.919636 -37.477892 203.064804
-12.493120 -44.372343 213.188932
-12.026455 -13.341673 205.423580
-11.915937 -34.769024 204.403048
-11.555053 -10.432713 198.707882
-13.039973 -2.559960 230.944318
-12.119344 -1.226796 215.054543
-11.469132 -0.063319 203.636767
-6.505760 -12.764008 116.541621
-13.963038 6.123837 250.300171
-12.457115 20.842958 229.508593
-12.457115 20.842958 229.508593
-11.042065 -30.705893 206.387183
-11.633635 -41.746882 220.584748
-10.917669 -13.272680 209.099711
-10.166406 -5.996316 199.285715
-10.420185 1.630459 204.436865
-10.725232 -32.645378 228.820232
-11.818568 -37.262843 252.005784
-9.602261 -34.024502 206.228075
-8.517148 -14.350697 188.280987
-9.208678 -18.166477 205.166408
-9.014107 -20.423489 205.281568
-8.400628 -18.182597 194.246400
-10.190749 -25.390645 238.063630
-8.494019 -27.097077 201.558657
-8.494019 -27.097077 201.558657
-8.931751 -36.016990 212.921003
-8.672236 -46.507799 226.711909
-8.672236 -46.507799 226.711909
-7.120215 -13.237510 189.190879
-6.684638 6.124929 178.351812
-6.684638 6.124929 178.351812
-2.830633 -7.953590 76.309160
-7.518496 -37.348424 205.444092
-7.153584 -40.322443 201.609948
-6.804221 -40.485108 197.422232
-6.621062 -43.174134 201.742897
-6.621062 -43.174134 201.742897
-8.003710 -47.680228 250.225293
-6.256950 -32.381727 197.159892
-6.256950 -32.381727 197.159892
-5.523798 -15.121210 191.710381
-6.104727 -41.581640 212.219891
-6.245568 -43.917648 217.619292
-4.956372 0.088561 199.997314
-4.932351 -11.809685 206.915996
-4.825563 -17.142074 212.793374
-4.788012 -37.541657 212.074646
-5.517353 -37.503372 246.313580
-4.211774 -36.648536 191.446823
-4.861170 -45.953120 220.679713
-4.539413 -45.669249 209.319801
-4.395877 -32.165359 203.151103
-4.790681 -20.398304 222.974931
-2.988455 -12.749554 179.225010
-2.999055 2.758455 190.950186
-3.260494 -35.829005 209.704026
-3.329461 -4.879825 213.572792
-3.329461 -4.879825 213.572792
-3.109152 -31.137060 209.583619
-3.158921 -33.212981 217.943536
-3.219966 -45.691842 223.138034
-2.932434 -36.145226 203.095966
-3.066048 -45.825673 214.174586
-2.534338 -20.844843 202.092661
-1.542766 -1.162096 190.385261
-1.705329 0.963526 210.155015
-1.705329 0.963526 210.155015
-1.556571 -26.726425 195.172937
-0.114575 -1.005678 15.831238
-1.715397 -40.582827 223.173508
-1.020337 -5.646709 151.703925
-1.505831 -39.853316 235.334175
-1.505831 -39.853316 235.334175
-0.705746 -13.210665 204.560635
-0.379652 -42.241123 195.705279
-0.361560 -34.348622 209.878397
-0.361560 -34.348622 209.878397
-0.239530 -0.534629 195.821347
-0.149399 -38.014651 220.265452
-0.158884 -25.448236 235.416138
-0.158884 -25.448236 235.416138
-0.059038 -44.061977 211.865644
-0.022869 -43.355425 217.129887
0.055209 -38.679418 213.624348
0.055209 -38.679418 213.624348
0.914066 -11.598403 223.122542
0.929041 -46.605871 220.677820
0.925847 -45.197719 207.532321
1.184491 -0.961180 197.988628
1.767281 -66.663796 295.328055
1.434416 -18.830352 227.203854
1.815494 -32.107410 223.871897
1.815494 -32.107410 223.871897
2.180456 -34.304384 216.509684
2.695569 -28.411467 212.865196
2.695569 -28.411467 212.865196
2.695569 -28.411467 212.865196
2.876679 -35.103213 211.045865
3.458493 -42.858219 245.502880
2.425034 -24.626638 171.346604
3.200301 -32.034804 202.387653
3.618169 -45.085846 219.635042
4.568456 -42.507423 257.505072
4.120281 -31.479351 227.285274
3.921406 -42.933830 214.669508
3.792680 -33.898810 205.253401
4.245315 -47.753233 220.386257
0.518974 -4.090800 20.304104
4.410744 -38.265340 183.032819
4.927572 -31.376241 204.133304
0.385798 -2.776504 13.848618
0.385798 -2.776504 13.848618
5.449776 -47.459963 212.053185
5.449776 -47.459963 212.053185
5.581776 -46.113505 215.468690
5.348581 -29.419571 193.799518
6.592448 -44.149192 223.149515
6.144821 -24.710218 207.312765
1.383160 -3.484345 46.068206
6.319110 -32.481381 207.386138
6.358167 -42.908850 208.139383
6.746714 -39.439468 218.872380
6.371868 -44.684242 204.472735
6.371868 -44.684242 204.472735
6.753695 -48.677951 215.293791
6.053243 0.757773 190.608052
8.051323 -46.964821 233.890840
8.582468 -12.537036 243.593904
7.814971 -48.249081 214.035691
7.814971 -48.249081 214.035691
7.512543 -44.338020 204.213090
8.056831 -44.339970 217.549408
8.686820 -32.833782 216.962174
1.964878 -4.377749 48.358757
9.607781 -39.382016 236.632893
9.607781 -39.382016 236.632893
8.929366 -43.005711 218.016736
10.643576 -7.951809 257.809017
10.643576 -7.951809 257.809017
8.576455 -44.395345 205.165499
4.562627 -4.246077 107.011185
10.248089 -33.763451 239.258153
10.248089 -33.763451 239.258153
8.276056 -3.269192 191.979992
9.472147 -28.673494 213.377728
10.209131 -34.576713 223.357025
10.209131 -34.576713 223.357025
9.329049 -35.298246 201.838337
1.205342 -4.829733 24.324126
12.152490 -4.060091 250.015361
9.009867 -1.766044 184.355814
11.558826 -47.143353 225.772382
9.968854 -27.328937 190.420152
12.489969 -41.931197 230.886409
12.349268 -48.031593 223.902706
12.267547 -28.843974 206.220378
12.267547 -28.843974 206.220378
14.100148 -39.404255 235.311510
12.448369 -23.683625 208.158364
13.640995 -36.089697 225.118688
13.487669 -44.340946 222.130474
13.487669 -44.340946 222.130474
13.512211 -41.439218 220.832692
13.512211 -41.439218 220.832692
9.799740 -5.532582 160.210504
16.018403 -31.350206 247.290753
14.146988 -2.654219 218.180111
13.629625 -36.972002 205.486615
14.448710 -41.352499 216.655657
14.394513 -42.292467 214.654989
14.895733 -35.601990 217.465092
0.233652 0.143415 2.288023
15.631053 -45.678671 227.919699
14.195661 -32.590828 202.488152
10.544629 -4.906722 149.387491
10.544629 -4.906722 149.387491
17.201866 -43.252898 242.321502
9.508259 -4.363384 133.785341
12.287901 -6.473829 168.573880
14.750815 -41.023356 198.327651
15.107952 -14.733092 202.743878
19.355786 -16.618432 258.636181
16.986912 -36.560070 223.891927
15.175533 -3.371269 195.252493
15.616887 -9.420441 200.259304
17.212399 -39.784858 217.318494
19.755661 -7.626808 248.830963
17.599452 -41.483992 220.779066
17.611206 -17.842739 219.423106
17.486339 -26.778405 216.286904
16.687129 -44.115402 204.893618
20.759167 -42.642103 252.708382
20.759167 -42.642103 252.708382
16.213819 -30.017946 195.147707
17.798764 -35.110158 212.778055
23.172755 -22.379628 273.622532
19.641264 -17.452721 230.750607
18.536935 -2.384814 216.993055
18.696032 -41.895681 217.721783
18.696032 -41.895681 217.721783
22.878947 -29.906303 257.263062
18.925861 -27.560343 210.312163
18.925861 -27.560343 210.312163
16.603070 -4.143743 184.255749
21.682381 -38.304493 239.380243
19.689933 -9.284341 216.061032
19.689933 -9.284341 216.061032
19.689933 -9.284341 216.061032
26.030748 -55.310632 282.044514
18.179614 -31.823888 192.256339
21.846941 -24.245477 230.529722
21.383904 -32.819963 224.332092
17.841234 -9.426621 186.033716
27.839561 -16.588858 287.693457
19.591783 -23.997879 202.152010
23.130060 -38.568921 237.372109
21.555235 -16.075022 219.445843
27.069874 -17.462857 274.478201
20.054940 -1.994387 202.317269
20.113358 -28.882604 201.126240
22.685628 -46.005004 224.277029
22.431778 -36.382372 221.564169
16.864986 -7.610810 166.157289
20.174506 -20.037320 197.982711
22.727887 -20.395633 221.038879
6.562066 -7.319987 63.279523
20.294763 -27.170057 189.734499
24.450572 -30.013284 227.158045
24.450572 -30.013284 227.158045
23.316121 -36.294346 214.248171
25.675624 -25.967055 234.784673
25.675624 -25.967055 234.784673
24.820920 -21.470104 223.142840
24.820920 -21.470104 223.142840
22.091242 -33.756402 198.452349
22.713244 -4.874523 203.857067
22.713244 -4.874523 203.857067
27.849126 -44.835902 248.472665
27.653504 -25.503882 244.670015
23.946695 -28.149808 211.556443
27.104102 -39.195847 235.701220
26.441110 -23.203848 229.729987
26.442411 -11.812336 228.992477
27.386966 -25.142112 237.008752
3.370505 -1.910748 28.617519
25.390602 -27.992380 215.567514
29.130746 -30.146319 244.198022
23.550578 -17.878670 196.661191
23.550578 -17.878670 196.661191
36.876633 -42.402681 304.508461
36.876633 -42.402681 304.508461
28.551835 -24.346316 236.472259
2.961917 -1.228764 24.493135
27.176171 -3.674886 224.561414
25.029279 -28.750171 203.806829
36.442891 -21.284436 296.167724
25.704216 -26.852668 207.431907
26.817996 -1.126481 215.737349
24.447613 -33.654596 194.564004
32.989964 -7.102790 262.384737
31.731933 -2.746353 250.243645
27.025312 -26.841787 212.770460
30.388237 -7.878203 237.411916
27.679732 -21.903314 215.876814
32.438822 -39.952643 252.367522
24.545210 -24.797666 190.039640
24.487296 -30.680546 188.270630
27.406294 3.557317 210.647194
31.255735 -28.314324 239.125302
27.911111 -33.567090 210.097886
31.301726 -4.150026 233.746255
41.296600 -0.802088 308.265990
31.170704 -8.294971 231.931265
28.251457 4.342589 209.730526
31.124274 -34.698370 230.913912
28.547707 -21.090539 211.782712
26.592999 -13.343503 196.986958
31.595000 -33.684084 234.073909
28.171275 46.512421 204.114595
28.093241 -34.159376 202.086046
28.093241 -34.159376 202.086046
33.795248 -35.410470 237.569385
35.578046 -2.628146 249.161058
19.879869 1.449865 134.967901
34.284604 -25.435262 230.210963
33.263182 -9.550194 222.761276
31.380876 -5.778711 210.171919
33.288875 -18.021769 222.916025
33.453272 -16.401551 223.488202
35.587557 -30.139019 237.603697
35.124595 -26.317263 234.643969
31.922860 -25.338527 213.035547
32.772420 -22.697114 218.779157
39.840489 -39.545438 265.805607
32.978180 -21.477444 220.147321
38.103874 -34.032714 254.244082
33.579097 -13.044562 224.058584
32.830096 -19.392020 219.059792
31.993438 -37.999369 210.783879
32.850857 -21.596253 213.046106
38.311030 -26.325233 247.692535
38.972284 -37.101573 251.565320
31.853938 -34.272285 203.402395
27.332528 -4.637114 173.386118
43.209922 -42.363592 262.773878
43.209922 -42.363592 262.773878
37.706824 -36.120797 223.990444
40.240676 -15.436437 235.854501
33.858145 -34.930029 197.059199
44.411576 -41.315547 253.555459
40.505410 -29.872277 228.978958
46.618168 -12.665467 263.501617
6.732368 -3.923225 36.441508
34.173533 -5.713878 189.362560
37.682127 5.820810 206.558322
16.835952 2.558191 90.175436
44.767591 -38.987906 236.164753
44.767591 -38.987906 236.164753
42.022492 -8.435669 220.054345
45.252839 -6.973765 236.811073
45.819605 -10.103663 239.624304
45.025007 -11.272320 231.603493
44.524229 49.167063 223.546272
57.049257 7.005740 286.107008
46.351376 -0.762553 231.867789
46.351376 -0.762553 231.867789
41.680426 11.726486 207.798031
45.001234 47.899660 222.057385
57.234282 -4.906455 282.002061
60.687999 -5.189562 299.038325
41.186315 8.644272 202.483578
16.301511 1.949183 79.259968
39.220700 -6.001664 189.719101
44.053969 -0.938948 207.423830
56.333731 53.493027 262.786910
43.762044 -1.736623 201.753596
59.374836 60.886770 269.715819
65.291155 66.054427 293.991542
54.915937 49.846581 247.221669
55.325743 1.112775 249.010288
53.695803 -3.809150 239.611770
49.477765 10.235030 218.402426
51.982236 -2.400407 229.033806
61.320409 60.043365 269.645568
61.320409 60.043365 269.645568
49.876106 49.659875 218.672105
54.609680 44.969303 229.559485
0.279694 0.024029 1.043679
6.066279 0.422922 18.595227
7.827238 -3.147649 21.222222
6.888599 1.670996 18.402002
1.553021 0.035705 3.889980
